0.649264    10623.4
0.651488    12199.5
0.6537    14093.5
0.655902    13648.7
0.658094    14437
0.660278    14509.9
0.662454    15015
0.664623    14295.2
0.666787    13188.1
0.668946    10355.8
0.6711    4364.32
0.673252    12056.6
0.675401    14224.8
0.677548    16080.8
0.679695    15824.2
0.681842    17838.2
0.68399    19914.6
0.686139    19634
0.688291    22156
0.690445    23901
0.692603    24588.9
0.694765    26790.9
0.696933    29701.8
0.699106    31069.2
0.701285    31618.4
0.70347    32867.5
0.705664    25763.9
0.707865    20568.3
0.710074    18019.8
0.712293    19137.5
0.714521    17693.6
0.716759    17957.4
0.719008    19555.3
0.721267    19530.5
0.723538    20852.1
0.725821    22817.7
0.728116    23025.2
0.730424    24767.4
0.732745    25784.5
0.73508    25058.2
0.737428    23194
0.73979    21262.9
0.742167    17837.8
0.744559    15116.1
0.746966    12673.6
0.749389    10322.7
0.751827    7814.59
0.754281    5490.12
0.756752    3442.91
0.759239    1844.51
0.761744    795.286
0.764265    215.077
0.766803    29.0816
0.769359    46.6226
0.771933    324.632
0.774525    1203.1
0.777134    2670.68
0.779762    3022.11
0.782409    7403.22
0.785074    10693
0.787757    14012
0.79046    17440.8
0.793181    18350.5
0.795921    18264.8
0.798681    27585.1
0.80146    32991.9
0.804258    39558.2
0.807075    46839.7
0.809912    55900.7
0.812769    65316
0.815645    74948.6
0.81854    54340.8
0.821456    73585.9
0.824391    92858.2
0.827345    89744.3
0.83032    89291.2
0.833314    101403
0.836328    104011
0.839361    106485
0.842414    115093
0.845487    78384.5
0.84858    84933
0.851692    56866.2
0.854824    99539
0.857975    105875
0.861145    99273.6
0.864336    77051.2
0.867545    102986
0.870774    87569.7
0.874021    96660.1
0.877288    117835
0.880574    123687
0.883879    159909
0.887203    109340
0.890546    128707
0.893907    100597
0.897286    145765
0.900684    178493
0.904101    194481
0.907535    210788
0.910988    245190
0.914458    261138
0.917946    282154
0.921452    240125
0.924975    219213
0.928516    186022
0.932074    195011
0.935649    215525
0.93924    220832
0.942849    245400
0.946474    241247
0.950115    263239
0.953773    264497
0.957447    261887
0.961136    244503
0.964842    269022
0.968563    298498
0.972299    289528
0.97605    289943
0.979817    323200
0.983598    305732
0.987394    350644
0.991204    182366
0.995029    261225
0.998867    191820
1.00272    191355
1.00659    192286
1.01047    246811
1.01436    227928
1.01826    260611
1.02218    261496
1.02611    232808
1.03006    281019
1.03401    305011
1.03798    341402
1.04196    312730
1.04595    378002
1.04996    323830
1.05397    317823
1.058    293520
1.06203    312462
1.06608    330312
1.07014    361459
1.0742    391151
1.07828    450422
1.08237    443598
1.08646    442393
1.09057    458962
1.09468    465092
1.09881    437477
1.10294    358309
1.10708    348567
1.11123    325820
1.11539    375868
1.11955    331324
1.12373    394296
1.12791    405379
1.13209    386910
1.13629    339300
1.14049    214489
1.1447    366890
1.14891    441770
1.15313    415084
1.15736    434777
1.16159    416773
1.16583    380500
1.17007    274597
1.17432    301476
1.17857    228059
1.18283    314730
1.1871    388493
1.19136    395826
1.19563    407560
1.19991    404212
1.20419    442128
1.20847    461004
1.21276    475995
1.21705    511039
1.22134    503210
1.22564    561433
1.22994    557644
1.23424    536788
1.23854    534055
1.24285    303225
1.24715    482876
1.25146    276157
1.25577    481097
1.26009    523924
1.2644    532285
1.26871    556510
1.27303    571562
1.27735    579368
1.28166    604281
1.28598    557179
1.2903    567645
1.29462    568169
1.29894    581007
1.30325    596823
1.30757    560555
1.31189    599096
1.31621    585252
1.32052    564032
1.32484    500631
1.32915    461055
1.33346    308680
1.33777    169828
1.34208    162322
1.34639    176655
1.3507    133606
1.355    107661
1.3593    137232
1.3636    168700
1.3679    159620
1.3722    155976
1.37649    184436
1.38078    202885
1.38507    182237
1.38935    182921
1.39363    157590
1.39791    140808
1.40219    158047
1.40646    161957
1.41073    136547
1.41499    131349
1.41925    129777
1.42351    121534
1.42776    122552
1.43201    125600
1.43626    151453
1.4405    127089
1.44474    134079
1.44897    177824
1.4532    180353
1.45742    172535
1.46164    166825
1.46586    200933
1.47006    165297
1.47427    178203
1.47847    217336
1.48266    192076
1.48685    209870
1.49104    213072
1.49522    201598
1.49939    228430
1.50356    234079
1.50773    222791
1.51188    242415
1.51604    239205
1.52018    266186
1.52432    268528
1.52846    264844
1.53259    267990
1.53671    283985
1.54083    286592
1.54495    301997
1.54905    309581
1.55315    320118
1.55725    299706
1.56134    318094
1.56542    313970
1.56949    338219
1.57356    342663
1.57763    350609
1.58169    350135
1.58574    357089
1.58978    360712
1.59382    365702
1.59785    365530
1.60188    373326
1.6059    373541
1.60991    373589
1.61392    380776
1.61792    387030
1.62191    387466
1.6259    392523
1.62988    387454
1.63386    397447
1.63783    400472
1.64179    391996
1.64574    396993
1.64969    394011
1.65363    399092
1.65757    399719
1.6615    394345
1.66542    386318
1.66933    381586
1.67324    394338
1.67714    394346
1.68104    399024
1.68493    387869
1.68881    380999
1.69269    373569
1.69656    355131
1.70042    352490
1.70428    347429
1.70813    336225
1.71197    320574
1.71581    311070
1.71964    293144
1.72346    295762
1.72728    270209
1.73109    268504
1.7349    257571
1.73869    260012
1.74249    245887
1.74627    217750
1.75005    221626
1.75382    224366
1.75759    183390
1.76135    196246
1.7651    215340
1.76885    158549
1.77259    172249
1.77633    147697
1.78006    155741
1.78378    153002
1.7875    132496
1.79121    136145
1.79491    129954
1.79861    157812
1.8023    105023
1.80599    108971
1.80967    124125
1.81334    138786
1.81701    116665
1.82067    100314
1.82433    167164
1.82798    123421
1.83162    109686
1.83526    116961
1.8389    110256
1.84252    110888
1.84615    113136
1.84976    103567
1.85337    99086.4
1.85698    83318.1
1.86058    71860
1.86417    77983.6
1.86776    95252.4
1.87134    101874
1.87492    114877
1.87849    107157
1.88205    121661
1.88561    111143
1.88917    125098
1.89272    116939
1.89626    139957
1.8998    132215
1.90334    140373
1.90686    121273
1.91039    124005
1.91391    137171
1.91742    132521
1.92093    113286
1.92443    129036
1.92793    121243
1.93142    115657
1.93491    116274
1.93839    106432
1.94187    102152
1.94534    122051
1.94881    102155
1.95227    124731
1.95573    91083.5
1.95918    114929
1.96263    102848
1.96607    113635
1.96951    115019
1.97294    112621
1.97637    104598
1.97979    113975
1.98321    105825
1.98662    125555
1.99003    101575
1.99344    121829
1.99684    112321
2.00023    119122
2.00362    127006
2.00701    122333
2.01039    114122
2.01377    136149
2.01714    124410
2.02051    130886
2.02387    146312
2.02723    129839
2.03058    133645
2.03393    145037
2.03728    147401
2.04062    143472
2.04395    148269
2.04728    156861
2.05061    154656
2.05393    146645
2.05725    168776
2.06056    162829
2.06387    155156
2.06717    172012
2.07047    165462
2.07377    168174
2.07706    167763
2.08034    171182
2.08363    172189
2.0869    171391
2.09017    177096
2.09344    174230
2.09671    180158
2.09996    180070
2.10322    178551
2.10647    182048
2.10971    178441
2.11295    183536
2.11619    182470
2.11942    181910
2.12265    185456
2.12587    186301
2.12909    180966
2.1323    186731
2.13551    186749
2.13871    184593
2.14191    180464
2.14511    190509
2.14829    183504
2.15148    182799
2.15466    184010
2.15784    185477
2.16101    183323
2.16417    182719
2.16733    184066
2.17049    183533
2.17364    180551
2.17679    177436
2.17993    177420
2.18307    179353
2.1862    174075
2.18933    175578
2.19245    174499
2.19557    170465
2.19869    167519
2.20179    161461
2.2049    159171
2.208    159048
2.21109    162721
2.21418    164610
2.21726    163873
2.22034    157311
2.22341    163654
2.22648    159941
2.22954    161064
2.2326    157861
2.23566    154750
2.2387    156976
2.24175    153538
2.24479    153909
2.24782    151811
2.25085    148003
2.25387    148676
2.25689    147724
2.2599    149040
2.26291    145802
2.26591    144433
2.2689    145322
2.2719    141829
2.27488    144133
2.27786    143541
2.28084    139104
2.28381    138197
2.28678    141081
2.28974    138821
2.29269    117643
2.29564    99893
2.29859    109586
2.30153    109789
2.30446    113516
2.30739    114750
2.31031    115270
2.31323    114793
2.31615    107401
2.31905    104378
2.32196    97536.8
2.32486    94919.3
2.32775    98594.1
2.33064    98709.1
2.33352    100380
2.3364    100404
2.33928    100003
2.34214    100295
2.34501    99794.1
2.34787    108475
2.35072    101310
2.35357    100047
2.35642    105739
2.35926    99532.3
2.3621    99089.3
2.36493    102193
2.36775    102833
2.37058    91917.4
2.3734    97668.7
2.37621    98119
2.37902    95868.5
2.38183    89556.5
2.38463    85784.4
2.38743    86756
2.39022    97383.2
2.39301    93975.5
2.3958    96431.6
2.39858    97719.3
2.40136    92938.8
2.40414    92355.2
2.40692    91537.7
2.40969    88926.7
2.41246    87211.9
2.41522    84617
2.41798    83431.5
2.42074    84977.8
2.4235    84345.1
2.42626    82483
2.42901    83632.6
2.43176    80736.8
2.43451    78754.8
2.43726    76121.3
2.44001    85513.2
2.44276    71488.6
2.4455    73330
2.44825    70583
2.45099    73453.6
2.45373    57468.8
2.45648    80582.9
2.45922    71721
2.46196    65193.8
2.46471    74366.5
2.46745    60551.4
2.4702    64321.5
2.47295    56561.8
2.4757    56836.1
2.47845    66570.9
2.4812    56449.2
2.48396    69098.1
2.48672    63315.7
2.48948    40543.6
2.49225    58596.6
2.49502    63752.8
2.49779    46471.7
2.50057    59436.2
2.50335    52396.3
2.50614    45207.5
2.50893    58419.9
2.51173    46117.7
2.51454    40725.1
2.51735    44038.9
2.52017    47559.6
2.523    41537.3
2.52584    35917.9
2.52868    47152.1
2.53153    44728.5
2.53439    36972.9
2.53727    35082.8
2.54015    47392
2.54304    37884.6
2.54595    37726.3
2.54886    37147.9
2.55179    39247.3
2.55474    37591.8
2.55769    46136.5
