0.649264    5787.08
0.651488    6755.72
0.6537    7864.46
0.655902    8023.64
0.658094    8702.45
0.660278    9049.63
0.662454    9547.01
0.664623    9282.92
0.666787    8531.14
0.668946    6222.66
0.6711    2292.28
0.673252    7783.16
0.675401    9712.94
0.677548    11188.4
0.679695    11194.6
0.681842    12675.5
0.68399    14238.8
0.686139    14168.9
0.688291    16010
0.690445    17255.6
0.692603    17689.1
0.694765    18935.2
0.696933    20961.1
0.699106    21595.6
0.701285    21799.4
0.70347    22267
0.705664    17396.1
0.707865    14039.9
0.710074    12295.3
0.712293    12789.3
0.714521    11744.3
0.716759    11750.2
0.719008    12416.2
0.721267    12103.5
0.723538    12434.5
0.725821    12880.8
0.728116    12421.3
0.730424    12309.2
0.732745    11819.4
0.73508    10643.5
0.737428    9213.53
0.73979    7860.81
0.742167    6375.01
0.744559    5149.89
0.746966    4071.52
0.749389    3125.94
0.751827    2290.99
0.754281    1596.44
0.756752    1035.5
0.759239    601.67
0.761744    286.209
0.764265    84.6106
0.766803    12.9172
0.769359    20.1628
0.771933    126.936
0.774525    431.355
0.777134    888.037
0.779762    993.766
0.782409    2351.08
0.785074    3516.22
0.787757    4845.2
0.79046    6395.1
0.793181    6934.07
0.795921    7287.92
0.798681    12187.7
0.80146    15178.5
0.804258    18665.7
0.807075    22688.6
0.809912    27545.5
0.812769    32912.4
0.815645    39026.5
0.81854    30049.9
0.821456    44301.7
0.824391    55507
0.827345    57555.2
0.83032    60229.7
0.833314    69392
0.836328    74080.1
0.839361    78567.7
0.842414    86534.8
0.845487    63374.7
0.84858    69673.5
0.851692    39728.8
0.854824    83166
0.857975    90443.6
0.861145    79049.4
0.864336    51850.5
0.867545    77558
0.870774    63657.2
0.874021    70528.4
0.877288    89581.8
0.880574    93595.2
0.883879    128695
0.887203    94987
0.890546    112486
0.893907    77644.7
0.897286    128556
0.900684    162411
0.904101    182138
0.907535    196036
0.910988    233287
0.914458    248997
0.917946    272804
0.921452    238560
0.924975    225416
0.928516    176881
0.932074    197517
0.935649    219284
0.93924    229913
0.942849    256244
0.946474    247325
0.950115    268713
0.953773    269382
0.957447    260965
0.961136    238375
0.964842    264852
0.968563    301226
0.972299    294070
0.97605    306185
0.979817    346726
0.983598    338909
0.987394    391506
0.991204    175014
0.995029    259685
0.998867    164152
1.00272    162472
1.00659    166707
1.01047    228202
1.01436    212497
1.01826    248065
1.02218    255667
1.02611    225032
1.03006    281872
1.03401    311768
1.03798    362481
1.04196    321209
1.04595    411892
1.04996    334876
1.05397    326677
1.058    303340
1.06203    323913
1.06608    345323
1.07014    384416
1.0742    428237
1.07828    507873
1.08237    503817
1.08646    498663
1.09057    526133
1.09468    525167
1.09881    484765
1.10294    394479
1.10708    380576
1.11123    330259
1.11539    404042
1.11955    332513
1.12373    425074
1.12791    442539
1.13209    400412
1.13629    340306
1.14049    190962
1.1447    372456
1.14891    484209
1.15313    434507
1.15736    462426
1.16159    435334
1.16583    383106
1.17007    248474
1.17432    279917
1.17857    193133
1.18283    298319
1.1871    400698
1.19136    410334
1.19563    431255
1.19991    431922
1.20419    483273
1.20847    512676
1.21276    539355
1.21705    591089
1.22134    580340
1.22564    674407
1.22994    670068
1.23424    637237
1.23854    636243
1.24285    303678
1.24715    569430
1.25146    265885
1.25577    562478
1.26009    647005
1.2644    659007
1.26871    720831
1.27303    731210
1.27735    739699
1.28166    781710
1.28598    699469
1.2903    714682
1.29462    716588
1.29894    733450
1.30325    757546
1.30757    692232
1.31189    755707
1.31621    725289
1.32052    689949
1.32484    575818
1.32915    504198
1.33346    282948
1.33777    119852
1.34208    112578
1.34639    124521
1.3507    88576.6
1.355    64124.4
1.3593    88554
1.3636    118768
1.3679    110369
1.3722    104939
1.37649    135323
1.38078    153515
1.38507    129896
1.38935    133171
1.39363    111095
1.39791    92925
1.40219    110146
1.40646    114481
1.41073    90849.1
1.41499    87348.2
1.41925    83444.7
1.42351    78504.8
1.42776    79393.5
1.43201    81829.4
1.43626    105583
1.4405    84456
1.44474    89718.1
1.44897    133020
1.4532    137173
1.45742    127513
1.46164    123091
1.46586    159251
1.47006    122696
1.47427    135431
1.47847    179412
1.48266    151361
1.48685    170395
1.49104    175284
1.49522    161992
1.49939    191712
1.50356    198025
1.50773    186697
1.51188    210125
1.51604    213154
1.52018    239941
1.52432    245049
1.52846    240601
1.53259    245326
1.53671    265000
1.54083    269988
1.54495    290053
1.54905    301705
1.55315    314986
1.55725    287444
1.56134    313577
1.56542    309754
1.56949    342835
1.57356    349576
1.57763    358671
1.58169    358411
1.58574    368527
1.58978    374070
1.59382    380695
1.59785    379537
1.60188    389414
1.6059    386984
1.60991    387932
1.61392    393991
1.61792    402059
1.62191    402639
1.6259    405987
1.62988    399641
1.63386    413337
1.63783    417987
1.64179    405506
1.64574    410457
1.64969    404967
1.65363    413790
1.65757    410544
1.6615    405965
1.66542    371261
1.66933    360174
1.67324    394219
1.67714    397317
1.68104    403059
1.68493    386321
1.68881    378538
1.69269    362816
1.69656    338386
1.70042    335422
1.70428    327572
1.70813    317421
1.71197    298003
1.71581    287998
1.71964    266764
1.72346    267568
1.72728    236210
1.73109    235593
1.7349    222656
1.73869    225138
1.74249    207989
1.74627    175908
1.75005    181550
1.75382    182272
1.75759    138584
1.76135    153844
1.7651    174149
1.76885    116137
1.77259    128674
1.77633    104772
1.78006    114747
1.78378    109037
1.7875    92242.5
1.79121    94063
1.79491    89122.1
1.79861    115328
1.8023    68229.1
1.80599    71318.6
1.80967    85878.8
1.81334    100156
1.81701    78149.2
1.82067    64745.2
1.82433    123890
1.82798    83754
1.83162    71994.2
1.83526    77932.3
1.8389    74094.1
1.84252    74987.6
1.84615    76711.8
1.84976    68331.5
1.85337    65223.5
1.85698    53778.8
1.86058    44959.8
1.86417    48824.2
1.86776    61400.6
1.87134    66087.4
1.87492    78085.1
1.87849    73629.1
1.88205    85703.4
1.88561    75890.6
1.88917    87271
1.89272    81913
1.89626    103097
1.8998    93288.3
1.90334    101417
1.90686    85330.9
1.91039    88295.3
1.91391    97468.6
1.91742    95882.5
1.92093    77350.2
1.92443    91372.6
1.92793    83366
1.93142    78713
1.93491    78246.4
1.93839    71261
1.94187    68001.4
1.94534    84492.6
1.94881    67465.2
1.95227    87492
1.95573    59452.4
1.95918    78540.9
1.96263    69174.8
1.96607    78308.1
1.96951    80039.3
1.97294    77647.1
1.97637    72114.2
1.97979    79881.9
1.98321    73150.4
1.98662    90143.8
1.99003    69705.4
1.99344    87625.4
1.99684    80106.2
2.00023    86010.7
2.00362    93191.5
2.00701    88757.9
2.01039    82014.4
2.01377    102213
2.01714    90910.6
2.02051    97995.4
2.02387    112114
2.02723    97284.7
2.03058    100802
2.03393    111155
2.03728    114265
2.04062    109611
2.04395    114914
2.04728    123743
2.05061    121335
2.05393    113375
2.05725    135129
2.06056    129454
2.06387    122141
2.06717    137948
2.07047    131887
2.07377    134903
2.07706    133546
2.08034    137156
2.08363    138227
2.0869    137681
2.09017    142985
2.09344    139957
2.09671    145588
2.09996    144979
2.10322    143507
2.10647    146726
2.10971    142812
2.11295    148022
2.11619    146537
2.11942    145668
2.12265    148967
2.12587    149686
2.12909    144241
2.1323    149528
2.13551    149270
2.13871    146902
2.14191    142101
2.14511    150683
2.14829    143935
2.15148    143151
2.15466    144173
2.15784    145624
2.16101    142347
2.16417    142459
2.16733    142242
2.17049    142414
2.17364    137731
2.17679    134658
2.17993    134238
2.18307    135074
2.1862    129499
2.18933    129117
2.19245    128483
2.19557    120766
2.19869    115498
2.20179    106496
2.2049    104333
2.208    103602
2.21109    107803
2.21418    112205
2.21726    112002
2.22034    108558
2.22341    112704
2.22648    108320
2.22954    110460
2.2326    103584
2.23566    103259
2.2387    104404
2.24175    100854
2.24479    99774.1
2.24782    98295.3
2.25085    93989.2
2.25387    94537.3
2.25689    94114.5
2.2599    94106.7
2.26291    94373
2.26591    92021.4
2.2689    92330.1
2.2719    90500.2
2.27488    91150.7
2.27786    90642.1
2.28084    87135.7
2.28381    83846.5
2.28678    84871.6
2.28974    82345.1
2.29269    69460.4
2.29564    59707.6
2.29859    65217.9
2.30153    66688.4
2.30446    69369.8
2.30739    73307.6
2.31031    74565.6
2.31323    74664.9
2.31615    64252.5
2.31905    57388.7
2.32196    55746.6
2.32486    52370.7
2.32775    54692.4
2.33064    54798.1
2.33352    54956.9
2.3364    55752.9
2.33928    56803.3
2.34214    57946.8
2.34501    57876
2.34787    62234.3
2.35072    58351.7
2.35357    60254.7
2.35642    64586.5
2.35926    61547.4
2.3621    62014.5
2.36493    64421.1
2.36775    64677.2
2.37058    50744.1
2.3734    54404.2
2.37621    55548.9
2.37902    54547.1
2.38183    49872.4
2.38463    48827.8
2.38743    52511.9
2.39022    58480.1
2.39301    55968.8
2.3958    58554.6
2.39858    61414.6
2.40136    58230.7
2.40414    59294.1
2.40692    59422
2.40969    57009.5
2.41246    56747.1
2.41522    54279.3
2.41798    52941.9
2.42074    55389.2
2.4235    54425.5
2.42626    52872.3
2.42901    53813.7
2.43176    53654.5
2.43451    51528.3
2.43726    49800.6
2.44001    57768.1
2.44276    47404.2
2.4455    48301.6
2.44825    46913.6
2.45099    49274.4
2.45373    38774.2
2.45648    54134.7
2.45922    48493.9
2.46196    44349.3
2.46471    51094
2.46745    40928.9
2.4702    43226.6
2.47295    38161.1
2.4757    38884.5
2.47845    45522.5
2.4812    38740.3
2.48396    47593.5
2.48672    44477
2.48948    27508
2.49225    40243
2.49502    44024.8
2.49779    31833.8
2.50057    41180.7
2.50335    36035.5
2.50614    31194.2
2.50893    40576.6
2.51173    31592.2
2.51454    27783.3
2.51735    30012.5
2.52017    33013.6
2.523    28193
2.52584    24449.7
2.52868    32661.1
2.53153    30496
2.53439    25039.4
2.53727    24056.2
2.54015    33119.1
2.54304    25643.7
2.54595    25509
2.54886    25134.8
2.55179    26549.1
2.55474    25803.8
2.55769    31715.5
